#fib.asm new (rescheduled) vs old instruction order

	NEW

00100000000010100000000000000100 -- addi
00100000000000010000000000000001 -- addi
00100000000000100000000000000001 -- addi
00100000000010110000011111010000 -- addi
00100000000011110000000000000100 -- addi
00100000010000110000000000000000 -- addi loop
00000000010000010001000000100000 -- add $2, $2, $1
00000001010011110000000000011000 -- mult $10, $15
00100000011000010000000000000000 -- addi $1, $3, 0
00000000000000000110000000010010 -- mflo $12			**
00100001010010101111111111111111 -- addi $10, $10, -1
00000001011011000110100000100000 -- add $13, $11, $12	**
10101101101000100000000000000000 -- sw $2, 0($13)		**
00010101010000000000000000000101 -- bne $10, $10, loop
00010001011010110000000000001110 -- beq


	OLD

00100000000010100000000000000100 -- addi
00100000000000010000000000000001 -- addi
00100000000000100000000000000001 -- addi
00100000000010110000011111010000 -- addi
00100000000011110000000000000100 -- addi
00100000010000110000000000000000 -- addi loop
00000000010000010001000000100000 -- add $2, $2, $1
00100000011000010000000000000000 -- addi $1, $3, 0
00000001010011110000000000011000 -- mult $10, $15
00000000000000000110000000010010 -- mflo $12
00000001011011000110100000100000 -- add $13, $11, $12
10101101101000100000000000000000 -- sw $2, 0($13)
00100001010010101111111111111111 -- addi $10, $10, -1
00010101010000000000000000000101 -- bne $10, $10, loop
00010001011010110000000000001110 -- beq
